'''
condition d = 2, 3 mod 4
PELL'S METHOD:
  Successes: 94/100
Number of trials [1, 26, 9, 1, 3, 2, 3, 3, 4, 1, 2, 13, 23, 2, 5, 13, 2, 2, 15, 1, 5, 5, 2, 8, 1, 1, 3, 2, 1, 3, 3, 3, 2, 2, 2, 2, 20, 4, 1, 1, 1, 1, 27, 2, 2, 3, 3, 1, 2, 4, 2, 1, 2, 1, 2, 1, 3, 14, 3, 3, 1, 5, 18, 16, 2, 2, 1, 4, 17, 1, 10, 14, 2, 7, 3, 4, 10, 4, 15, 4, 4, 1, 2, 8, 2, 2, 6, 22, 4, 48, 1, 2, 1, 47]
Results [682547, 970087, 835609, 786829, 948293, 1047737, 833449, 572653, 633953, 540217, 695663, -1, 645727, 739439, 841091, 789731, 866581, 716321, 569659, 552841, 750509, 544627, 1008409, 611903, -1, 701359, 745337, 707219, 792307, 605021, 606971, 885497, 567751, 595877, 750229, 596767, 690407, 629687, 853387, 821861, 1040387, 875201, -1, 816427, 595711, 723407, 710693, 1010461, 809803, 628783, 570091, 949453, 797549, 1007117, 774119, 740533, -1, 936493, 756127, 570671, 905171, 772909, 933671, 862703, 559667, 773767, 1017649, 589607, 637909, 668699, 582649, 684731, 559231, 833597, 594697, -1, 654023, 583337, 533399, 890887, 781997, 865231, 1026661, 554887, 1002871, 1008031, 868997, 1014121, 672863, 721909, -1, 790501, 810367, 708593, 643087, 635441, 640973, 649291, 540469, 927233]

POLLARD'S METHOD:
  Successes: 89/100
Number of trials [1, 1, 1, 1, 1, 1, 1, 1, 1, 1, 1, 1, 1, 1, 1, 1, 1, 1, 1, 1, 1, 1, 1, 1, 1, 1, 1, 1, 1, 1, 1, 1, 1, 1, 1, 1, 1, 1, 1, 1, 1, 1, 1, 1, 1, 1, 1, 1, 1, 1, 1, 1, 1, 1, 1, 1, 1, 1, 1, 1, 1, 1, 1, 1, 1, 1, 1, 1, 1, 1, 1, 1, 1, 1, 1, 1, 1, 1, 1, 1, 1, 1, 1, 1, 1, 1, 1, 1, 1]
Results [825229, 607769, 835609, 786829, 619687, 1047737, 833449, -1, 633953, 540217, 695663, -1, -1, -1, 841091, 789731, 866581, 716321, 569659, 552841, 750509, 544627, 775987, 611903, -1, -1, 745337, 525253, -1, 605021, 606971, 885497, 567751, 595877, 750229, 961861, 549683, 629687, -1, 821861, 1044271, 534571, 973387, 816427, 614291, 913873, 530143, 1010461, 809803, 628783, 723901, 949453, 964501, 1007117, 774119, 740533, -1, 767089, 756127, 816593, 905171, 564917, 933671, 910141, 849973, 773767, 819937, 978067, 637909, 596653, 582649, 664793, 559231, 668821, 594697, 721243, -1, 583337, 772663, 890887, 781997, 865231, 1026661, 554887, 1002871, -1, 868997, 1014121, 672863, 721909, 665153, 790501, 810367, 708593, 559777, 949159, 1022977, 649291, 701357, 878593]

WILLIAMS'S METHOD:
  Successes: 99/100
Number of trials [1, 1, 1, 1, 1, 1, 1, 1, 1, 1, 1, 1, 1, 1, 1, 1, 1, 1, 1, 1, 1, 1, 1, 1, 1, 1, 1, 1, 1, 1, 3, 2, 1, 1, 1, 1, 1, 2, 1, 1, 1, 1, 2, 1, 1, 3, 1, 3, 1, 1, 1, 1, 1, 1, 1, 1, 1, 1, 1, 1, 1, 1, 1, 1, 1, 4, 1, 1, 2, 1, 1, 1, 1, 1, 1, 1, 1, 1, 1, 1, 1, 1, 1, 1, 1, 1, 1, 1, 1, 1, 3, 1, 1, 1, 1, 1, 1, 2, 1]
Results [825229, 970087, 835609, 964753, 948293, 1047737, 897251, 572653, 633953, 540217, 668609, 618719, 645727, 739439, 841091, 789731, 866581, 716321, 569659, 552841, 750509, 544627, 775987, 552379, 878987, 701359, 745337, 707219, 792307, 605021, 606971, 936113, 567751, 595877, 549587, 596767, 549683, 748871, 745517, 565559, 1044271, 875201, 759959, 816427, 595711, 723407, 710693, 1010461, 809803, 628783, 723901, 949453, 797549, 895049, 750553, 740533, -1, 767089, 756127, 570671, 861059, 564917, 568679, 910141, 849973, 773767, 1017649, 978067, 637909, 668699, 582649, 664793, 559231, 668821, 594697, 640223, 654023, 583337, 533399, 890887, 781997, 865231, 898483, 554887, 1002871, 1008031, 868997, 1014121, 672863, 721909, 814939, 790501, 810367, 708593, 559777, 635441, 1022977, 649291, 540469, 878593]
'''

'''
no conditions for d
PELL'S METHOD:
  Successes: 94/100
Number of trials [1, 2, 1, 2, 2, 5, 1, 2, 3, 1, 5, 1, 2, 2, 1, 1, 1, 43, 16, 1, 1, 1, 13, 15, 7, 1, 1, 2, 1, 3, 12, 4, 3, 4, 3, 5, 1, 1, 23, 2, 4, 1, 3, 7, 3, 2, 10, 3, 5, 2, 19, 1, 3, 5, 1, 2, 1, 2, 2, 3, 1, 3, 1, 2, 7, 7, 1, 2, 6, 2, 4, 2, 1, 1, 1, 2, 7, 2, 1, 5, 2, 1, 1, 24, 15, 2, 5, 2, 29, 1, 6, 6, 27, 4]
Results [758899, 720763, 968801, 699443, 980219, 816367, 836107, 1000037, 803867, 1019281, 670559, 721381, 825749, 612643, 820093, 731363, 697579, 552847, 793981, 710051, 920789, 884011, 765103, 1031677, 674173, -1, 843179, 883691, 940229, 1035379, 799151, 731881, 704281, 998423, 1012699, 1021327, 527753, 996169, 857099, 1010473, 789251, 697601, 911171, 759637, 539921, 623387, 825527, 791029, 787139, -1, -1, 709957, 793487, 706183, 880021, 662567, 796303, -1, 945941, 909341, 668303, 606581, 899263, 603131, 664123, 892433, 528317, 985613, 643213, 534631, 810487, 555307, 945151, 700307, 567631, 558197, 602141, 931859, 567857, 947171, 872951, 878573, -1, 764431, 723727, 912227, 640649, 816763, 724303, 1038637, 1038953, 1012241, 781063, 543161, 1015409, 984497, -1, 644617, 950177, 868867]

POLLARD'S METHOD:
  Successes: 91/100
Number of trials [1, 1, 1, 1, 1, 1, 1, 1, 1, 1, 1, 1, 1, 1, 1, 1, 1, 1, 1, 1, 1, 1, 1, 1, 1, 1, 1, 1, 1, 1, 1, 1, 1, 1, 1, 1, 1, 1, 1, 1, 1, 1, 1, 1, 1, 1, 1, 1, 1, 1, 1, 1, 1, 1, 1, 1, 1, 1, 1, 1, 1, 1, 1, 1, 1, 1, 1, 1, 1, 1, 1, 1, 1, 1, 1, 1, 1, 1, 1, 1, 1, 1, 1, 1, 1, 1, 1, 1, 1, 1, 1]
Results [918173, 720763, 968801, 699443, 980219, 816367, 836107, 1000037, 803867, 1019281, 1001953, 721381, 982057, 628049, 820093, 731363, 697579, -1, 793981, 710051, 591779, 884011, 765103, 1031677, 674173, -1, 843179, 883691, 994603, 1035379, 558241, 731881, 704281, -1, 1012699, 1021327, 995623, 731233, -1, 1010473, 789251, 697601, 911171, -1, 539921, 629701, -1, 791029, 802603, -1, 632321, 709957, 623699, 706183, 644053, 735439, 796303, 558661, 922681, 796937, 668303, 606581, 899263, 594299, 664123, 892433, 528317, 1044739, 698293, 534631, 919153, 544721, 945151, 700307, 567631, 952247, 602141, -1, 1009301, 697481, 872951, 878573, -1, 827009, 723727, 912227, 640649, 816763, 724303, 1029953, 1038953, 826759, 960373, 543161, 897601, 984497, 681113, 644617, 950177, 579113]

WILLIAMS'S METHOD:
  Successes: 98/100
Number of trials [1, 5, 1, 1, 1, 1, 1, 1, 1, 1, 1, 1, 1, 1, 1, 1, 1, 1, 1, 1, 1, 1, 1, 3, 1, 1, 1, 5, 1, 1, 2, 1, 1, 1, 1, 1, 1, 1, 1, 1, 1, 1, 1, 1, 1, 3, 2, 1, 1, 1, 1, 1, 1, 1, 1, 1, 2, 1, 1, 1, 1, 4, 1, 2, 1, 1, 1, 1, 1, 1, 1, 1, 1, 1, 1, 1, 1, 1, 1, 1, 1, 1, 2, 1, 1, 1, 1, 1, 1, 1, 1, 1, 1, 1, 1, 2, 4, 1]
Results [918173, 773231, 729269, 784489, 980219, 816367, 836107, 679517, 803867, 821057, 670559, 721381, 825749, 612643, 758071, 731363, 794399, 552847, 793981, 710051, 920789, 884011, 559709, 574913, 674173, 1004287, 843179, 883691, 994603, 1035379, 558241, 872317, 666599, 625631, 1012699, 1021327, 995623, 996169, 622247, 531079, 789251, 697601, 911171, 759637, 539921, 629701, 825527, 585113, 802603, -1, 632321, 709957, 623699, 706183, 880021, 735439, 796303, 558661, 922681, 796937, 668303, 606581, 899263, 594299, 642077, 892433, 528317, 985613, 643213, 992153, 810487, 555307, 945151, 700307, 567631, 558197, 602141, 931859, 567857, 947171, 883697, 878573, -1, 827009, 872159, 912227, 695089, 816763, 724303, 1029953, 1038953, 826759, 960373, 543161, 897601, 984497, 681113, 644617, 950177, 868867]


====== RUN 2 ======
PELL'S METHOD:
  Successes: 93/100
Number of trials [3, 1, 2, 1, 1, 1, 19, 2, 3, 7, 1, 2, 15, 9, 5, 2, 5, 1, 13, 11, 1, 5, 1, 1, 3, 8, 4, 2, 9, 1, 2, 7, 3, 1, 10, 1, 17, 12, 9, 28, 1, 6, 4, 5, 3, 3, 2, 3, 2, 1, 2, 1, 1, 5, 2, 8, 2, 2, 5, 1, 1, 2, 2, 1, 1, 2, 1, 4, 17, 5, 5, 8, 1, 1, 2, 2, 1, 37, 36, 18, 11, 2, 1, 3, 1, 2, 2, 1, 1, 3, 2, 27, 28]
Results [652627, 811297, 754993, 563249, 783803, 995747, 967259, 1007297, 676349, 592337, 723181, 836611, 933607, 653563, -1, 655727, 788429, -1, 617699, 747979, 695899, 773933, 540781, 586841, 765353, 879449, 849997, 641891, 779249, 739549, 950083, 688861, 878513, -1, 681719, 800587, 885893, 861109, 1048447, 1018313, 538777, 864551, 666959, 628171, 731719, 573497, 712973, 682219, 673837, 749941, 551143, 997369, 978871, 848761, 847051, 747449, -1, 879713, 1014451, 716299, 706141, 954323, 714151, 597239, 781997, 778559, 1000639, 785249, 564353, 1037479, -1, 746969, 784423, 921901, 619967, 749803, 560093, 970789, 579499, 739021, 707669, 800329, 593707, 955477, 817081, 766471, 968557, 598571, -1, 593869, 689431, 946669, 881911, -1, 735689, 1031759, 951131, 584599, 1032721, 908129]

POLLARD'S METHOD:
  Successes: 85/100
Number of trials [1, 1, 1, 1, 1, 1, 1, 1, 1, 1, 1, 1, 1, 1, 1, 1, 1, 1, 1, 1, 1, 1, 1, 1, 1, 1, 1, 1, 1, 1, 1, 1, 1, 1, 1, 1, 1, 1, 1, 1, 1, 1, 1, 1, 1, 1, 1, 1, 1, 1, 1, 1, 1, 1, 1, 1, 1, 1, 1, 1, 1, 1, 1, 1, 1, 1, 1, 1, 1, 1, 1, 1, 1, 1, 1, 1, 1, 1, 1, 1, 1, 1, 1, 1, 1]
Results [652627, 811297, 754993, 563249, -1, -1, -1, 962737, 676349, -1, 723181, 729271, 933607, 653563, 748729, 655727, 1015171, -1, 924101, 747979, 695899, 773933, 1009387, 586841, 765353, 879449, 525869, 889783, 779249, 1010167, -1, 688861, 723167, -1, -1, 800587, 885893, 861109, 732283, -1, 538777, -1, -1, 1033069, 731719, 573497, -1, 682219, 673837, 749941, 551143, 642373, 751141, 815869, 581407, 747449, 904207, 879713, 676601, 716299, 706141, 954323, 714151, 922601, 1047689, 778559, 1000639, 785249, 882019, 1037479, 746041, -1, -1, 921901, 545329, 972119, 1008199, 970789, 565319, 739021, 707669, 715159, 593707, 964097, 817081, 647209, 631457, 598571, 548851, 725113, 689431, 803977, 881911, -1, 1031137, 1031759, 951131, 584599, 1032721, 908129]

WILLIAMS'S METHOD:
  Successes: 99/100
Number of trials [1, 1, 1, 1, 3, 1, 1, 3, 1, 1, 1, 1, 1, 1, 1, 1, 1, 1, 1, 1, 1, 1, 1, 1, 1, 1, 1, 1, 1, 2, 1, 1, 1, 3, 1, 1, 1, 1, 1, 1, 1, 1, 1, 1, 1, 2, 1, 1, 1, 1, 1, 1, 1, 1, 1, 1, 1, 3, 1, 1, 1, 1, 1, 1, 1, 1, 1, 1, 1, 4, 1, 2, 1, 1, 1, 1, 1, 1, 1, 1, 1, 1, 1, 1, 1, 2, 1, 1, 1, 1, 1, 1, 4, 1, 1, 1, 1, 1, 3]
Results [652627, 811297, 754993, 563249, 783803, 995747, 763583, 1007297, 676349, 991223, 723181, 836611, 933607, 653563, 964339, 655727, 788429, 718463, 617699, 763883, 695899, 715423, 540781, 586841, 765353, 879449, 525869, 641891, 901547, 739549, 950083, 688861, 723167, -1, 681719, 800587, 760423, 861109, 732283, 1018313, 751711, 961393, 666959, 628171, 979481, 573497, 712973, 682219, 673837, 749941, 846437, 642373, 978871, 848761, 847051, 747449, 904207, 973073, 1014451, 716299, 706141, 954323, 940853, 597239, 781997, 778559, 1000639, 785249, 564353, 1037479, 746041, 670217, 784423, 888499, 619967, 749803, 1008199, 970789, 579499, 983141, 707669, 800329, 593707, 964097, 679423, 766471, 968557, 598571, 548851, 725113, 689431, 946669, 923869, 1016783, 1031137, 1031759, 951131, 584599, 1032721, 908129]
'''

'''
condition d = 2, 3 mod N
PELL'S METHOD:
  Successes: 100/100
Number of trials [1, 1, 1, 1, 1, 1, 1, 1, 1, 1, 1, 1, 1, 1, 1, 1, 1, 1, 1, 1, 1, 1, 1, 1, 1, 1, 1, 1, 1, 1, 1, 1, 1, 1, 1, 1, 1, 1, 1, 1, 1, 1, 1, 1, 1, 1, 1, 1, 1, 1, 1, 1, 1, 1, 1, 1, 1, 1, 1, 1, 1, 1, 1, 1, 1, 1, 1, 1, 1, 1, 1, 1, 1, 1, 1, 1, 1, 1, 1, 1, 1, 1, 1, 1, 1, 1, 1, 1, 1, 1, 1, 1, 1, 1, 1, 1, 1, 1, 1, 1]
Results [771643, 626837, 599779, 758687, 643121, 547709, 616799, 821333, 644653, 634573, 610063, 1030751, 747811, 865639, 991043, 546691, 652957, 527603, 806821, 964637, 719981, 630151, 661603, 683477, 1016401, 852079, 901063, 1040311, 763123, 869717, 807221, 702809, 806107, 814007, 815029, 774929, 926113, 532529, 769147, 800221, 689713, 669301, 1006151, 1038797, 909767, 945899, 748057, 817153, 658367, 801337, 539003, 532061, 581599, 934187, 807757, 897373, 726391, 703121, 989753, 650183, 932761, 798199, 687839, 649123, 788677, 949903, 531229, 963667, 669173, 992429, 898091, 759923, 710273, 658367, 654701, 839921, 586679, 691589, 736577, 617521, 760499, 678739, 781369, 776099, 562651, 962237, 840557, 541363, 646831, 977299, 632717, 920197, 1023257, 754811, 592453, 943303, 766867, 783421, 628217, 536023]

POLLARD'S METHOD:
  Successes: 89/100
Number of trials [1, 1, 1, 1, 1, 1, 1, 1, 1, 1, 1, 1, 1, 1, 1, 1, 1, 1, 1, 1, 1, 1, 1, 1, 1, 1, 1, 1, 1, 1, 1, 1, 1, 1, 1, 1, 1, 1, 1, 1, 1, 1, 1, 1, 1, 1, 1, 1, 1, 1, 1, 1, 1, 1, 1, 1, 1, 1, 1, 1, 1, 1, 1, 1, 1, 1, 1, 1, 1, 1, 1, 1, 1, 1, 1, 1, 1, 1, 1, 1, 1, 1, 1, 1, 1, 1, 1, 1, 1]
Results [771643, 637841, 887261, 920021, 643121, 762989, 833449, 821333, 644653, -1, 1031413, 1030751, 747811, 816217, 991043, 842951, 529547, 704453, 806821, 905171, -1, 771739, 664271, 683477, 1016401, 852079, 901063, 662531, 763123, 955777, -1, 702809, 806107, 814007, 815029, 774929, 926113, 532529, 736243, -1, 940097, 669301, 785269, -1, 909767, -1, 748057, 817153, 982231, 801337, 539003, 532061, 581599, 639949, 807757, 531997, 886381, 703121, 883921, 650183, 878821, -1, 687839, 985709, 788677, 671609, -1, 700673, 766333, 625507, -1, 759923, 710273, 840643, 852391, 850951, 760961, 691589, 736577, 691841, 760499, -1, 922321, 780389, 562651, 962237, 978157, 807949, 843553, -1, 1002751, 928001, 1023257, 801607, 592453, 779353, 839221, 783421, 539713, 814699]

WILLIAMS'S METHOD:
  Successes: 100/100
Number of trials [1, 1, 1, 1, 1, 1, 1, 2, 1, 1, 1, 1, 1, 1, 2, 1, 2, 1, 1, 1, 1, 1, 1, 1, 1, 1, 1, 1, 1, 1, 2, 1, 1, 1, 1, 1, 1, 1, 1, 1, 9, 4, 1, 1, 1, 1, 3, 1, 1, 1, 1, 1, 1, 1, 1, 2, 1, 1, 2, 1, 1, 1, 1, 1, 1, 1, 1, 1, 1, 1, 1, 1, 1, 1, 1, 1, 1, 1, 1, 1, 1, 1, 1, 1, 3, 1, 2, 1, 1, 2, 1, 1, 1, 1, 1, 1, 1, 2, 1, 1]
Results [771643, 637841, 887261, 758687, 1033127, 762989, 833449, 907727, 885893, 634573, 610063, 1030751, 747811, 865639, 971483, 842951, 529547, 704453, 568153, 905171, 957659, 630151, 664271, 683477, 1016401, 580807, 901063, 662531, 763123, 955777, 807221, 702809, 791291, 779137, 750769, 774929, 926113, 532529, 736243, 830143, 940097, 669301, 1006151, 545731, 792893, 940399, 788357, 817153, 658367, 999541, 886651, 532061, 711749, 639949, 847949, 531997, 726391, 703121, 883921, 619061, 932761, 798199, 687839, 985709, 788677, 671609, 531229, 963667, 766333, 625507, 898091, 759923, 710273, 840643, 852391, 850951, 760961, 691589, 736577, 691841, 760499, 1021759, 922321, 780389, 981587, 764999, 978157, 541363, 843553, 977299, 1002751, 928001, 899123, 754811, 592453, 943303, 766867, 760103, 539713, 814699]
'''